# Format: McCode with text headers
# URL: http://www.mccode.org
# Creator: McStas 2.4 - May. 17, 2017
# Instrument: H1_SANS.instr
# Ncount: 4000000000
# Trace: no
# Gravitation: no
# Seed: 1524845213
# Directory: /home/dovzhenko/mcstas/neutron_lab/results/H1/S4
# Nodes: 25
# Param: lambda=6
# Param: slit1_w=0.032
# Param: slit2_w=0.016
# Param: slit3_w=0.016
# Param: det_position=2
# Param: sample_num=4
# Param: dia_type=1
# Date: Fri Apr 27 20:19:35 2018 (1524849575)
# type: array_1d(128)
# Source: H1 (H1_SANS.instr)
# component: QMonitor
# position: 0.554819 0 25.6601
# title: QMonitor - Distribution in q (Radially averaged)
# Ncount: 100000000000
# filename: QDetector.dat
# statistics: X0=0.0168359; dX=0.00793594;
# signal: Min=0; Max=5.01238e+06; Mean=346772;
# values: 4.43868e+07 109130 1.35919e+07
# xvar: q
# yvar: (I,I_err)
# xlabel: q [1 / AA]
# ylabel: I(q)
# xlimits: 0 0.167586
# variables: q I I_err N
0.0006546330186 0 0 0 
0.001963899056 0 0 0 
0.003273165093 0 0 0 
0.00458243113 0 0 0 
0.005891697168 0 0 0 
0.007200963205 0 0 0 
0.008510229242 1446155.279 30934.21217 3021 
0.009819495279 4146276.552 47142.89132 10860 
0.01112876132 4965677.272 46966.9054 15860 
0.01243802735 5012381.026 42797.88988 19547 
0.01374729339 4463637.647 36613.69966 21641 
0.01505655943 3991000.189 31572.05016 23684 
0.01636582547 3550325.022 27093.53469 25874 
0.0176750915 3087513.731 23018.35737 27788 
0.01898435754 2634410.411 19269.59889 29674 
0.02029362358 2187493.011 15733.672 31575 
0.02160288961 1854559.724 13135.26394 33893 
0.02291215565 1547347.041 10792.98533 36253 
0.02422142169 1232560.586 8608.456575 38068 
0.02553068773 962166.7137 6758.229992 40061 
0.02683995376 743706.0392 5259.530136 41958 
0.0281492198 559617.9892 4034.412711 44042 
0.02945848584 414121.2407 3046.343444 46611 
0.03076775187 293149.537 2234.202608 48502 
0.03207701791 200762.8706 1610.725316 50260 
0.03338628395 135140.1806 1135.54368 52834 
0.03469554999 88267.27671 787.1931451 54407 
0.03600481602 58256.69554 532.1394417 56435 
0.03731408206 40282.03361 355.6652272 58718 
0.0386233481 31110.33515 236.4601402 60916 
0.03993261414 28897.43401 186.385749 62549 
0.04124188017 30981.38482 176.1028522 64894 
0.04255114621 34863.13734 184.5167035 66828 
0.04386041225 39613.47646 198.0018475 68917 
0.04516967828 43832.53974 208.4881749 71454 
0.04647894432 46257.83562 213.3464335 73113 
0.04778821036 47531.0634 213.8929262 75133 
0.0490974764 47268.6916 209.3961971 77298 
0.05040674243 44927.68105 199.2601755 78685 
0.05171600847 41768.55656 186.0171273 80818 
0.05302527451 37254.4639 169.0720092 82764 
0.05433454054 32772.14317 151.4368323 85399 
0.05564380658 27638.69324 131.9745121 87220 
0.05695307262 23049.6903 114.047177 89741 
0.05826233866 18367.11268 95.04131779 91634 
0.05957160469 14273.33461 77.34960653 93379 
0.06088087073 11188.93696 63.22986029 95476 
0.06219013677 8492.685637 49.11195091 97138 
0.06349940281 6921.734486 39.73655844 99073 
0.06480866884 5828.853812 31.51132751 102302 
0.06611793488 5319.445731 26.83307313 103814 
0.06742720092 5272.975229 24.60108454 105892 
0.06873646695 5498.286262 24.06741079 107893 
0.07004573299 5931.413417 24.80208048 110210 
0.07135499903 6342.083558 25.66014953 112238 
0.07266426507 6811.376713 26.58578168 114950 
0.0739735311 7036.9719 26.98615197 116174 
0.07528279714 7199.112916 27.10899313 118755 
0.07659206318 7095.611095 26.61162294 120280 
0.07790132922 6820.634033 25.66606179 122146 
0.07921059525 6465.557613 24.48345757 124505 
0.08051986129 5938.473039 22.83308788 126406 
0.08182912733 5364.917093 21.04069822 128809 
0.08313839336 4736.186064 19.07638573 130693 
0.0844476594 4092.219416 16.97282099 132192 
0.08575692544 3503.175975 14.8799027 134330 
0.08706619148 2968.998303 12.91928964 136413 
0.08837545751 2567.867754 11.23496572 138856 
0.08968472355 2227.274248 9.717463563 140613 
0.09099398959 1989.874958 8.428125627 143048 
0.09230325562 1846.281184 7.515276777 145383 
0.09361252166 1774.264764 6.974487713 146702 
0.0949217877 1750.064111 6.61285672 148976 
0.09623105374 1772.207984 6.499578693 151157 
0.09754031977 1815.999791 6.481251196 152851 
0.09884958581 1846.999074 6.496201442 154603 
0.1001588518 1903.930381 6.578742806 157284 
0.1014681179 1909.350311 6.55030713 159663 
0.1027773839 1894.607859 6.465630102 161052 
0.10408665 1853.560752 6.3274442 162998 
0.105395916 1787.347631 6.113487609 165710 
0.106705182 1706.024191 5.86545029 167844 
0.1080144481 1588.749272 5.51860278 170249 
0.1093237141 1463.863825 5.156306894 171697 
0.1106329801 1337.856095 4.765955266 173531 
0.1119422462 1219.384576 4.389933822 175381 
0.1132515122 1101.456011 3.988662497 177640 
0.1145607783 1011.925679 3.646072969 180734 
0.1158700443 926.4671644 3.327582475 181729 
0.1171793103 853.7139592 3.025602339 184055 
0.1184885764 806.225777 2.809367744 186222 
0.1197978424 770.687409 2.622926209 188217 
0.1211071084 746.2016959 2.490544295 190213 
0.1224163745 732.3852106 2.405290117 191924 
0.1237256405 726.1180646 2.348907055 194523 
0.1250349066 719.1533257 2.303777105 196450 
0.1263441726 717.195359 2.27802454 198530 
0.1276534386 709.5489418 2.245150145 200113 
0.1289627047 703.3233472 2.212254211 202779 
0.1302719707 686.9315285 2.158881965 205081 
0.1315812367 664.8939806 2.097881716 206883 
0.1328905028 643.21172 2.029382635 209160 
0.1341997688 615.6501107 1.946722712 210816 
0.1355090349 581.8265083 1.849018628 212153 
0.1368183009 553.9569401 1.757835573 215079 
0.1381275669 518.5119439 1.65121591 216028 
0.139436833 494.2460955 1.562161855 219739 
0.140746099 460.4785155 1.455383094 220644 
0.142055365 438.0679177 1.373749365 223481 
0.1433646311 412.7933754 1.284930956 224735 
0.1446738971 395.9609301 1.217755388 227741 
0.1459831632 380.3479582 1.159390604 229258 
0.1472924292 365.7915402 1.10349068 230894 
0.1486016952 329.9145516 1.030723941 214187 
0.1499109613 247.607576 0.8828039049 163281 
0.1512202273 146.1061089 0.6699019237 98078 
0.1525294933 56.23017687 0.4150986408 37932 
0.1538387594 5.932414119 0.133988485 4047 
0.1551480254 0.006902172245 0.004115555862 5 
0.1564572914 0 0 0 
0.1577665575 0 0 0 
0.1590758235 0 0 0 
0.1603850896 0 0 0 
0.1616943556 0 0 0 
0.1630036216 0 0 0 
0.1643128877 0 0 0 
0.1656221537 0 0 0 
0.1669314197 0 0 0 
