# Format: McCode with text headers
# URL: http://www.mccode.org
# Creator: McStas 2.4 - May. 17, 2017
# Instrument: /Users/glebdovjenko/PycharmProjects/TeachingLab/00_pinhole_SANS/TestSANS.instr
# Ncount: 125000000
# Trace: no
# Gravitation: no
# Seed: 1519835230
# Directory: /Users/glebdovjenko/PycharmProjects/TeachingLab/00_pinhole_SANS/TestSANS-xxx
# Nodes: 8
# Param: DistSrcPin1=1
# Param: DistSrcPin2=10
# Param: DistPinSamp=1
# Param: DistSampDet=10
# Param: DetRadius=4
# Param: Lambda=4.5
# Param: DLambda=0.1
# Date: Wed Feb 28 15:10:14 2018 (1519827014)
# type: array_1d(100)
# Source: TestSANS (/Users/glebdovjenko/PycharmProjects/TeachingLab/00_pinhole_SANS/TestSANS.instr)
# component: QMonitor
# position: 0 0 30
# title: QMonitor - Distribution in q (Radially averaged)
# Ncount: 1000000000
# filename: QDetector.dat
# statistics: X0=0.0235956; dX=0.0114771;
# signal: Min=0; Max=0.0101362; Mean=0.000304982;
# values: 0.0304982 0.000172901 1.44994e+07
# xvar: q
# yvar: (I,I_err)
# xlabel: q [1 / AA]
# ylabel: I(q)
# xlimits: 0 0.528088
# variables: q I I_err N
0.002640439108 0 0 0 
0.007921317323 0 0 0 
0.01320219554 0.006405155656 0.0001241454377 2838 
0.01848307375 0.01013620276 0.0001045382101 10223 
0.02376395197 0.005574102721 5.013555506e-05 13207 
0.02904483018 0.003243295242 2.652886096e-05 15900 
0.0343257084 0.001977567456 1.49187247e-05 18756 
0.03960658661 0.00124048653 8.696397863e-06 21876 
0.04488746483 0.0007714433719 5.105990189e-06 24858 
0.05016834304 0.0004721024921 2.992235622e-06 27656 
0.05544922126 0.0002843992875 1.739492662e-06 30551 
0.06073009947 0.0001641804738 9.811361794e-07 33478 
0.06601097769 9.033742709e-05 5.34234137e-07 36447 
0.0712918559 4.566287329e-05 2.728177244e-07 39613 
0.07657273412 2.02729463e-05 1.276579535e-07 42284 
0.08185361233 7.592702984e-06 5.271330946e-08 45156 
0.08713449055 2.428426485e-06 1.805920776e-08 47666 
0.09241536876 1.458664058e-06 8.796432625e-09 51180 
0.09769624698 2.460629157e-06 1.374617198e-08 53496 
0.1029771252 4.141506253e-06 1.962687112e-08 56884 
0.1082580034 5.696072454e-06 2.434488689e-08 59966 
0.1135388816 6.649019857e-06 2.69654917e-08 62364 
0.1188197598 7.0390159e-06 2.76118284e-08 65441 
0.1241006381 6.819298291e-06 2.63083636e-08 68404 
0.1293815163 6.125367362e-06 2.356582722e-08 71049 
0.1346623945 5.217361279e-06 2.011697952e-08 74527 
0.1399432727 4.101067658e-06 1.615016561e-08 76938 
0.1452241509 3.059307053e-06 1.242015736e-08 79894 
0.1505050291 2.130444174e-06 9.038828576e-09 83078 
0.1557859073 1.379977517e-06 6.215117969e-09 86088 
0.1610667856 8.240512745e-07 3.985100394e-09 88690 
0.1663476638 4.616260899e-07 2.349954074e-09 91462 
0.171628542 2.620457805e-07 1.275912402e-09 94277 
0.1769094202 1.907330426e-07 8.079151804e-10 97361 
0.1821902984 2.063060872e-07 8.616428179e-10 100653 
0.1874711766 2.66532452e-07 1.050101379e-09 103153 
0.1927520549 3.378858659e-07 1.200704786e-09 105986 
0.1980329331 4.026397585e-07 1.307972578e-09 109268 
0.2033138113 4.420333282e-07 1.36129141e-09 112035 
0.2085946895 4.52211458e-07 1.364101263e-09 114892 
0.2138755677 4.375232066e-07 1.323121246e-09 118284 
0.2191564459 3.960148187e-07 1.229151492e-09 120881 
0.2244373241 3.402688282e-07 1.09851471e-09 123499 
0.2297182024 2.790333799e-07 9.459811101e-10 126591 
0.2349990806 2.166450723e-07 7.770116683e-10 129265 
0.2402799588 1.599096546e-07 6.090442696e-10 132441 
0.245560837 1.129724975e-07 4.556016899e-10 135439 
0.2508417152 7.500113814e-08 3.174115497e-10 138417 
0.2561225934 4.857253236e-08 2.095309403e-10 141407 
0.2614034716 3.058953384e-08 1.28480055e-10 143722 
0.2666843499 1.969874106e-08 7.389406258e-11 147129 
0.2719652281 1.394275491e-08 4.474696188e-11 150192 
0.2772461063 1.132232432e-08 3.46518279e-11 152469 
0.2825269845 1.053812466e-08 3.301692311e-11 155562 
0.2878078627 1.061605635e-08 3.293229814e-11 159111 
0.2930887409 1.094792958e-08 3.312742496e-11 161602 
0.2983696192 1.124159302e-08 3.354694591e-11 164159 
0.3036504974 1.163151222e-08 3.440625264e-11 167647 
0.3089313756 1.204398774e-08 3.58741988e-11 170414 
0.3142122538 1.256308305e-08 3.814168576e-11 173250 
0.319493132 1.332625014e-08 4.1095951e-11 175807 
0.3247740102 1.430596387e-08 4.415414713e-11 178624 
0.3300548884 1.539971632e-08 4.659589248e-11 181467 
0.3353357667 1.643204098e-08 4.811894405e-11 185001 
0.3406166449 1.737609088e-08 4.887264111e-11 187478 
0.3458975231 1.79512592e-08 4.892390751e-11 189985 
0.3511784013 1.831608568e-08 4.892128849e-11 192964 
0.3564592795 1.846073808e-08 4.896701887e-11 196123 
0.3617401577 1.815155772e-08 4.85094195e-11 198190 
0.3670210359 1.787704697e-08 4.805145173e-11 202390 
0.3723019142 1.717845512e-08 4.67000842e-11 204820 
0.3775827924 1.643422597e-08 4.484376915e-11 208309 
0.3828636706 1.55219062e-08 4.223270776e-11 211367 
0.3881445488 1.450394067e-08 3.907437896e-11 213484 
0.393425427 1.355509446e-08 3.579196878e-11 216322 
0.3987063052 1.259866502e-08 3.250816112e-11 219836 
0.4039871835 1.166494634e-08 2.960728123e-11 223235 
0.4092680617 1.074689326e-08 2.73788419e-11 225175 
0.4145489399 1.01106901e-08 2.62358487e-11 228238 
0.4198298181 9.628750197e-09 2.564363045e-11 231397 
0.4251106963 9.479435196e-09 2.551723609e-11 234074 
0.4303915745 9.674542031e-09 2.556372354e-11 237460 
0.4356724527 1.026961542e-08 2.598485029e-11 240637 
0.440953331 1.110326053e-08 2.695503613e-11 243226 
0.4462342092 1.219397042e-08 2.892799282e-11 246238 
0.4515150874 1.338767685e-08 3.178050793e-11 249051 
0.4567959656 1.460472661e-08 3.50948747e-11 251593 
0.4620768438 1.582150131e-08 3.84212132e-11 255342 
0.467357722 1.674019884e-08 4.100575851e-11 256561 
0.4726386003 1.739398149e-08 4.267276482e-11 259551 
0.4779194785 1.778100673e-08 4.346447959e-11 262522 
0.4832003567 1.803763375e-08 4.374504901e-11 266831 
0.4884812349 1.793187507e-08 4.345498917e-11 268755 
0.4937621131 1.772025498e-08 4.311698903e-11 271366 
0.4990429913 1.762097472e-08 4.301334381e-11 274614 
0.5043238695 1.755151963e-08 4.291660883e-11 277578 
0.5096047478 1.763169645e-08 4.291485821e-11 280103 
0.514885626 1.792340033e-08 4.29630535e-11 283212 
0.5201665042 1.843781279e-08 4.319130572e-11 286919 
0.5254473824 1.651955617e-08 4.050244635e-11 254472 
