# Format: McCode with text headers
# URL: http://www.mccode.org
# Creator: McStas 2.4 - May. 17, 2017
# Instrument: H1_SANS.instr
# Ncount: 4000000000
# Trace: no
# Gravitation: no
# Seed: 1524798988
# Directory: /home/dovzhenko/mcstas/neutron_lab/results/H1/S1
# Nodes: 25
# Param: lambda=15
# Param: slit1_w=0.008
# Param: slit2_w=0.008
# Param: slit3_w=0.008
# Param: det_position=3
# Param: sample_num=1
# Param: dia_type=1
# Date: Fri Apr 27 07:12:41 2018 (1524802361)
# type: array_1d(128)
# Source: H1 (H1_SANS.instr)
# component: QMonitor
# position: 0.620091 0 28.0592
# title: QMonitor - Radially averaged distribution
# Ncount: 100000000000
# filename: RDetector.dat
# statistics: X0=0.0289368; dX=0.015865;
# signal: Min=0; Max=1.64905e+08; Mean=9.06738e+06;
# values: 1.16063e+09 3.0027e+07 296447
# xvar: r
# yvar: (I,I_err)
# xlabel: Radius [m]
# ylabel: I(r)
# xlimits: 0 0.45
# variables: r I I_err N
0.0017578125 0 0 0 
0.0052734375 0 0 0 
0.0087890625 0 0 0 
0.0123046875 67383729.33 11842054.71 47 
0.0158203125 159153133.4 15403929.73 149 
0.0193359375 164905458 13250864.18 213 
0.0228515625 138896170.9 10755545.98 234 
0.0263671875 140918153.8 9699313.853 293 
0.0298828125 106519725.6 7249299.969 314 
0.0333984375 98344181.83 6263221.522 350 
0.0369140625 78178953.28 4862862.706 385 
0.0404296875 55035907.64 3435736.753 388 
0.0439453125 43021333.73 2567780.722 452 
0.0474609375 30535387.71 1849755.899 461 
0.0509765625 24071654.13 1416149.894 535 
0.0544921875 15274398.85 917174.5139 573 
0.0580078125 10585382.13 624831.615 637 
0.0615234375 6147874.949 385314.3088 616 
0.0650390625 3048812.876 215048.765 648 
0.0685546875 1853609.919 133064.6068 703 
0.0720703125 831427.5982 61697.46728 747 
0.0755859375 594731.5051 33950.95707 805 
0.0791015625 657072.2534 34407.52861 813 
0.0826171875 913322.2469 42276.80035 863 
0.0861328125 1230372.592 51578.0496 938 
0.0896484375 1314197.746 52968.9758 934 
0.0931640625 1483718.481 56160.1859 1006 
0.0966796875 1493238.983 54747.50172 1062 
0.1001953125 1291227.336 48764.81584 1019 
0.1037109375 1129221.991 42356.8629 1107 
0.1072265625 884531.5422 34597.28449 1100 
0.1107421875 667554.5656 26507.85787 1159 
0.1142578125 447796.8906 18989.97065 1211 
0.1177734375 275455.9909 12489.1238 1222 
0.1212890625 179431.9535 8586.887939 1218 
0.1248046875 117101.9303 5347.905462 1301 
0.1283203125 93962.95853 3823.480976 1282 
0.1318359375 111779.0893 4320.553748 1378 
0.1353515625 135177.3234 5073.377021 1396 
0.1388671875 165354.0297 5954.494091 1398 
0.1423828125 205633.0221 6863.151926 1478 
0.1458984375 230669.7782 7324.650192 1513 
0.1494140625 233441.9835 7353.280562 1542 
0.1529296875 213138.7588 6715.887424 1541 
0.1564453125 200197.2076 6203.735493 1675 
0.1599609375 157527.4149 5133.735047 1618 
0.1634765625 131243.7902 4291.380808 1722 
0.1669921875 94566.26229 3265.317844 1787 
0.1705078125 66462.2014 2332.91414 1824 
0.1740234375 48090.18161 1652.442486 1851 
0.1775390625 34921.48417 1170.961816 1789 
0.1810546875 32881.00548 1032.057072 1923 
0.1845703125 34385.46885 1127.420462 1826 
0.1880859375 43341.41193 1364.666412 1951 
0.1916015625 53151.88709 1596.869736 2031 
0.1951171875 59759.23903 1752.699228 2023 
0.1986328125 61048.72725 1781.898206 2042 
0.2021484375 65124.20514 1825.316662 2166 
0.2056640625 59857.38327 1702.816478 2162 
0.2091796875 55086.61526 1569.120351 2178 
0.2126953125 47310.04572 1354.827655 2199 
0.2162109375 37755.28539 1113.241832 2265 
0.2197265625 30004.84672 898.118018 2293 
0.2232421875 24690.62794 708.995816 2430 
0.2267578125 18511.01522 521.0531689 2345 
0.2302734375 16056.98115 424.0498158 2417 
0.2337890625 15729.19472 415.6017634 2430 
0.2373046875 16832.09277 458.5899543 2489 
0.2408203125 18334.23705 512.6256886 2433 
0.2443359375 21259.76108 581.9630497 2584 
0.2478515625 21558.04348 595.0263711 2556 
0.2513671875 23118.28109 622.7168414 2625 
0.2548828125 23146.35355 617.9088016 2628 
0.2583984375 21899.66356 587.5514968 2620 
0.2619140625 19642.88424 530.2923189 2635 
0.2654296875 17336.1568 466.5306681 2729 
0.2689453125 15201.03537 401.235942 2809 
0.2724609375 12387.50884 328.9337412 2791 
0.2759765625 10482.08602 265.6930377 2885 
0.2794921875 9111.875516 219.7772724 2881 
0.2830078125 8355.779287 197.0328206 2876 
0.2865234375 8304.540565 195.1493375 2999 
0.2900390625 8404.227856 207.099575 2996 
0.2935546875 9293.176847 232.7166571 3081 
0.2970703125 9507.916152 246.1147567 3076 
0.3005859375 10017.06864 256.8382589 3128 
0.3041015625 10164.25386 261.6674055 3111 
0.3076171875 10144.55688 258.9862195 3236 
0.3111328125 9614.063053 243.5748741 3248 
0.3146484375 9073.899858 227.7847147 3258 
0.3181640625 8086.007636 198.8581415 3342 
0.3216796875 6977.073915 170.0303637 3260 
0.3251953125 5922.69358 141.5807658 3270 
0.3287109375 5643.1511 125.8756773 3398 
0.3322265625 5063.377445 108.7790802 3359 
0.3357421875 4869.715235 102.5793044 3470 
0.3392578125 4640.070634 101.5009192 3429 
0.3427734375 4768.550647 106.8180609 3568 
0.3462890625 4872.92228 114.1782051 3573 
0.3498046875 5092.003764 121.8298295 3704 
0.3533203125 4868.13875 121.0750954 3665 
0.3568359375 4956.015343 123.363027 3631 
0.3603515625 4891.994302 120.762064 3763 
0.3638671875 4514.047003 112.5241233 3715 
0.3673828125 4650.020783 108.7985099 3865 
0.3708984375 4094.79806 95.45124887 3792 
0.3744140625 3942.499739 86.01950168 3937 
0.3779296875 3482.777623 73.93492839 3855 
0.3814453125 3315.824561 66.79434479 3992 
0.3849609375 3118.479205 61.29271273 3972 
0.3884765625 2986.40678 58.8080175 4020 
0.3919921875 2892.643185 58.63850453 4031 
0.3955078125 2765.023037 59.55618273 3980 
0.3990234375 2812.947337 62.48650438 4137 
0.4025390625 2820.739345 64.70597629 4202 
0.4060546875 2759.531233 64.65478045 4179 
0.4095703125 2685.715272 64.64697872 4150 
0.4130859375 2638.737812 62.43330748 4271 
0.4166015625 2613.346947 60.66309372 4231 
0.4201171875 2468.655561 55.49665731 4336 
0.4236328125 2450.197795 52.13314619 4453 
0.4271484375 2231.745457 45.90433631 4398 
0.4306640625 2128.768542 41.81516617 4467 
0.4341796875 2094.206087 39.13290643 4575 
0.4376953125 1929.128306 36.41008039 4441 
0.4412109375 1830.995318 34.89302679 4548 
0.4447265625 1744.727947 34.11107826 4513 
0.4482421875 1263.752844 29.25846069 3303 
