# Format: McCode with text headers
# URL: http://www.mccode.org
# Creator: McStas 2.4 - May. 17, 2017
# Instrument: H1_SANS.instr
# Ncount: 4000000000
# Trace: no
# Gravitation: no
# Seed: 1524829904
# Directory: /home/dovzhenko/mcstas/neutron_lab/results/H1/S2
# Nodes: 25
# Param: lambda=6
# Param: slit1_w=0.032
# Param: slit2_w=0.016
# Param: slit3_w=0.016
# Param: det_position=2
# Param: sample_num=2
# Param: dia_type=1
# Date: Fri Apr 27 16:39:22 2018 (1524836362)
# type: array_1d(128)
# Source: H1 (H1_SANS.instr)
# component: QMonitor
# position: 0.554819 0 25.6601
# title: QMonitor - Distribution in q (Radially averaged)
# Ncount: 100000000000
# filename: QDetector.dat
# statistics: X0=0.016777; dX=0.00786097;
# signal: Min=0; Max=5.00383e+06; Mean=344614;
# values: 4.41105e+07 108739 1.3588e+07
# xvar: q
# yvar: (I,I_err)
# xlabel: q [1 / AA]
# ylabel: I(q)
# xlimits: 0 0.167586
# variables: q I I_err N
0.0006546330186 0 0 0 
0.001963899056 0 0 0 
0.003273165093 0 0 0 
0.00458243113 0 0 0 
0.005891697168 0 0 0 
0.007200963205 0 0 0 
0.008510229242 1416119.559 30480.81921 2975 
0.009819495279 4101323.734 46989.49867 10706 
0.01112876132 5003832.002 47027.86412 16029 
0.01243802735 4967002.984 42643.08607 19462 
0.01374729339 4508249.18 36839.66572 21632 
0.01505655943 4009600.303 31623.16063 23667 
0.01636582547 3542643.173 26990.59285 25797 
0.0176750915 3052680.029 22656.48644 27649 
0.01898435754 2628392.047 19048.18299 29859 
0.02029362358 2206701.062 15767.30716 31616 
0.02160288961 1844952.937 12957.45556 33822 
0.02291215565 1510401.875 10498.43325 35900 
0.02422142169 1200107.876 8308.038054 37871 
0.02553068773 954134.5633 6571.790312 40155 
0.02683995376 731590.4952 5067.275344 42307 
0.0281492198 548582.6018 3849.68474 44438 
0.02945848584 390451.5707 2804.121616 46029 
0.03076775187 272294.3512 2016.147173 48537 
0.03207701791 184982.4552 1432.688584 50707 
0.03338628395 119468.8863 972.9339848 52541 
0.03469554999 75857.1436 643.7492458 54294 
0.03600481602 47101.66598 409.4820852 56586 
0.03731408206 30806.24309 251.673055 58191 
0.0386233481 24689.10286 168.198845 60686 
0.03993261414 25326.12217 150.492085 63115 
0.04124188017 29231.62726 162.5048802 64980 
0.04255114621 34930.64741 183.1148573 66886 
0.04386041225 40869.93495 201.6430788 69049 
0.04516967828 45685.02162 214.8981221 70834 
0.04647894432 49284.6702 223.0712255 72933 
0.04778821036 51016.76035 224.7624776 75182 
0.0490974764 49729.73678 217.4743564 76745 
0.05040674243 47838.41915 207.4884539 79143 
0.05171600847 43781.51569 190.9954898 81010 
0.05302527451 38874.02423 171.197088 83450 
0.05433454054 32965.58803 148.5007808 85207 
0.05564380658 27322.82395 126.1698875 87289 
0.05695307262 21674.92387 103.9673903 89418 
0.05826233866 16548.38553 82.59875019 91489 
0.05957160469 12264.8046 63.8514181 94088 
0.06088087073 8760.493786 47.56306553 95221 
0.06219013677 6302.540226 34.61498841 97676 
0.06349940281 4770.693442 25.17232594 99545 
0.06480866884 3980.151159 19.369184 101474 
0.06611793488 3942.499286 17.95225246 104019 
0.06742720092 4328.018599 19.10914424 105926 
0.06873646695 5020.506511 21.565379 107511 
0.07004573299 5885.561052 24.24727445 109962 
0.07135499903 6760.835335 26.67113065 112074 
0.07266426507 7447.140101 28.40480128 114327 
0.0739735311 7887.380107 29.37404928 115720 
0.07528279714 8112.749314 29.62664503 118292 
0.07659206318 8075.3142 29.17253051 120695 
0.07790132922 7599.953756 27.64092899 121262 
0.07921059525 7126.945057 25.94473416 124704 
0.08051986129 6330.399084 23.48060378 126407 
0.08182912733 5472.383539 20.73941047 127994 
0.08313839336 4617.569156 17.92919624 130352 
0.0844476594 3743.38364 15.0108739 132184 
0.08575692544 2986.980468 12.2930597 134418 
0.08706619148 2338.701584 9.770550814 137430 
0.08837545751 1830.772983 7.621053947 138720 
0.08968472355 1499.767732 6.00811133 140344 
0.09099398959 1328.243845 5.03307831 143198 
0.09230325562 1282.719544 4.697401465 145091 
0.09361252166 1343.005865 4.90268829 146455 
0.0949217877 1495.77343 5.42078402 149844 
0.09623105374 1677.65198 6.00051085 151189 
0.09754031977 1873.66582 6.564568708 152837 
0.09884958581 2045.97524 6.989130016 155515 
0.1001588518 2179.522526 7.294121263 157611 
0.1014681179 2243.480824 7.414055292 159091 
0.1027773839 2255.594017 7.376638685 161610 
0.10408665 2188.276327 7.149861784 162875 
0.105395916 2074.208799 6.797610683 165613 
0.106705182 1900.490592 6.284056363 167484 
0.1080144481 1709.099568 5.718562962 169489 
0.1093237141 1492.457425 5.063524506 171967 
0.1106329801 1277.186456 4.39211473 173749 
0.1119422462 1070.115302 3.716202791 175604 
0.1132515122 895.6134244 3.102902575 177597 
0.1145607783 758.7121395 2.572174614 179391 
0.1158700443 659.0947065 2.148233102 182658 
0.1171793103 601.5705696 1.889858885 184574 
0.1184885764 576.4562677 1.78552751 185714 
0.1197978424 585.6968736 1.825075861 187878 
0.1211071084 618.3309276 1.948684457 190626 
0.1224163745 662.377004 2.104398955 192548 
0.1237256405 711.8170114 2.263661997 193998 
0.1250349066 761.671873 2.400044014 197033 
0.1263441726 799.4431516 2.498594441 198181 
0.1276534386 820.630968 2.542021595 200415 
0.1289627047 826.6933704 2.543132621 202707 
0.1302719707 813.9925379 2.495797675 204988 
0.1315812367 780.1357065 2.389046854 207126 
0.1328905028 733.2491822 2.248966812 208498 
0.1341997688 674.3536579 2.074835868 210506 
0.1355090349 608.0511492 1.87411371 212795 
0.1368183009 543.0886941 1.668412497 214697 
0.1381275669 480.9682081 1.463503421 217070 
0.139436833 427.1341832 1.272976387 219354 
0.140746099 377.7114842 1.096495509 220888 
0.142055365 342.2890009 0.9609520686 223627 
0.1433646311 317.2846169 0.8678417557 225046 
0.1446738971 305.1661346 0.8282818502 227104 
0.1459831632 302.1972189 0.8302926556 229452 
0.1472924292 305.9050718 0.8602110307 230224 
0.1486016952 283.9789563 0.8480828545 212822 
0.1499109613 216.798245 0.7444989123 163119 
0.1512202273 129.1271004 0.5714393937 98094 
0.1525294933 47.92003368 0.3422387278 37554 
0.1538387594 5.077225946 0.1100724423 3969 
0.1551480254 0 0 0 
0.1564572914 0 0 0 
0.1577665575 0 0 0 
0.1590758235 0 0 0 
0.1603850896 0 0 0 
0.1616943556 0 0 0 
0.1630036216 0 0 0 
0.1643128877 0 0 0 
0.1656221537 0 0 0 
0.1669314197 0 0 0 
