# Format: McCode with text headers
# URL: http://www.mccode.org
# Creator: McStas 2.4 - May. 17, 2017
# Instrument: /Users/glebdovjenko/PycharmProjects/TeachingLab/08_StressD/H8_StressD.instr
# Ncount: 12500000
# Trace: no
# Gravitation: no
# Seed: 1519773740
# Directory: /Users/glebdovjenko/PycharmProjects/TeachingLab/08_StressD/H8_StressD-xxx
# Nodes: 8
# Param: lambda=1.727
# Param: sample_index=0
# Date: Tue Feb 27 22:18:40 2018 (1519766320)
# type: array_1d(200)
# Source: PD (/Users/glebdovjenko/PycharmProjects/TeachingLab/08_StressD/H8_StressD.instr)
# component: Detector1
# position: -0.557041 0 1.38513
# title: Longitude [deg] monitor
# Ncount: 100000000
# filename: Detector.dat
# statistics: X0=89.9682; dX=0.499414;
# signal: Min=0.337545; Max=2269.26; Mean=65.5177;
# values: 13103.5 9.27638 3.48891e+06
# xvar: th
# yvar: (I,I_err)
# xlabel: Longitude [deg]
# ylabel: Intensity [n/s/bin]
# xlimits: 80 100
# variables: th I I_err N
80.05 0.4243660312 0.02740167002 414 
80.15 0.3885382256 0.02622519092 389 
80.25 0.4127985394 0.02802920835 374 
80.35 0.3768208692 0.02665005837 365 
80.45 0.3523172703 0.02513549099 346 
80.55 0.4052128863 0.0275986769 395 
80.65 0.3981048153 0.02736875409 353 
80.75 0.4076866287 0.02799884794 383 
80.85 0.4069160939 0.02763691181 389 
80.95 0.3845731917 0.02703000414 354 
81.05 0.3803510783 0.02584099104 372 
81.15 0.3832786474 0.02648701427 368 
81.25 0.3886774091 0.02666414329 358 
81.35 0.3950671128 0.02648624719 370 
81.45 0.3808850158 0.02621192908 357 
81.55 0.4446050907 0.02898204416 383 
81.65 0.3542052989 0.02535525316 345 
81.75 0.4738172808 0.03051448864 414 
81.85 0.4045462007 0.02786619121 370 
81.95 0.3958728469 0.02694644124 357 
82.05 0.3882821229 0.02666309538 367 
82.15 0.351328462 0.02540100975 334 
82.25 0.352336398 0.02478317974 344 
82.35 0.3924828552 0.02660087533 390 
82.45 0.3588682508 0.02501785545 347 
82.55 0.4255845451 0.02816905105 392 
82.65 0.3834514665 0.02616808465 388 
82.75 0.3614408854 0.02529007852 366 
82.85 0.3749827929 0.02583655562 372 
82.95 0.3768584262 0.02633296752 364 
83.05 0.3692960995 0.02603225982 342 
83.15 0.4473194259 0.0293844391 403 
83.25 0.3991041838 0.02714287551 373 
83.35 0.377325159 0.02589431264 360 
83.45 0.4281324241 0.02786296293 397 
83.55 0.3892328666 0.02727344317 347 
83.65 0.3853570621 0.02596528597 387 
83.75 0.3646568426 0.02591336025 356 
83.85 0.3657098687 0.02587957359 343 
83.95 0.4248167369 0.02805015619 401 
84.05 0.3741831262 0.02623981436 364 
84.15 0.4385380956 0.028137109 417 
84.25 0.415598971 0.02776762374 381 
84.35 0.3954633132 0.02702896624 366 
84.45 0.4120637006 0.02770052188 376 
84.55 0.3877388257 0.02622179065 371 
84.65 0.4244396336 0.02810952903 378 
84.75 0.3513981899 0.02502497939 364 
84.85 0.3700665711 0.0260745443 344 
84.95 0.3541072111 0.02488162333 365 
85.05 0.4011476499 0.02783096831 371 
85.15 0.3739543499 0.02566745692 355 
85.25 0.4275237228 0.02836907743 408 
85.35 0.3890337124 0.02688716284 359 
85.45 0.3909830681 0.02602210823 381 
85.55 0.3460683126 0.0250810032 351 
85.65 0.3534820003 0.02526865634 348 
85.75 0.3787400998 0.02612058653 373 
85.85 0.455473641 0.02944462388 421 
85.95 0.3853244907 0.02642373987 381 
86.05 0.3953137096 0.02699388795 379 
86.15 0.3835676374 0.02611973181 368 
86.25 0.4289813147 0.02835975075 373 
86.35 0.392800968 0.02670079207 376 
86.45 0.4231939952 0.02786823995 372 
86.55 0.3961523724 0.02691914187 393 
86.65 0.3744669151 0.0258038315 366 
86.75 0.3831957947 0.0259292762 385 
86.85 0.360520653 0.0252990515 363 
86.95 0.3622545526 0.02574912551 353 
87.05 0.3467938724 0.0245194417 355 
87.15 0.3940546801 0.02655589063 378 
87.25 0.445656816 0.02927393436 388 
87.35 0.4060019184 0.02722790156 396 
87.45 0.3597753417 0.02577605692 343 
87.55 0.3982529266 0.02758941072 365 
87.65 0.4156048931 0.02837240551 371 
87.75 0.3837528558 0.02560402423 392 
87.85 0.380513738 0.02565674763 375 
87.95 0.4181267926 0.02816845338 385 
88.05 0.4335021023 0.02896357096 389 
88.15 0.3608197271 0.02590803554 347 
88.25 0.3993333022 0.02670923806 392 
88.35 0.3896313255 0.02657241357 383 
88.45 0.3938979584 0.02686748184 377 
88.55 0.3701022083 0.02600192914 335 
88.65 0.4486574802 0.02970575168 400 
88.75 0.3727946366 0.02574999331 382 
88.85 0.4359853415 0.02855518094 423 
88.95 0.5143183298 0.03022494177 533 
89.05 1.213689464 0.05090122718 1194 
89.15 4.816074769 0.1237452971 3536 
89.25 17.59487286 0.2629913261 10531 
89.35 57.62614248 0.5067860187 30539 
89.45 166.9967538 0.8966853083 74628 
89.55 412.0741072 1.481114858 149032 
89.65 845.3581268 2.257535595 250791 
89.75 1426.925948 3.084973259 366264 
89.85 1967.32059 3.683184662 465333 
89.95 2269.258714 3.952988438 517196 
90.05 2171.675237 3.872276463 498065 
90.15 1731.710941 3.474598806 414644 
90.25 1118.618215 2.734565485 300717 
90.35 569.2448671 1.794350972 187970 
90.45 211.2673264 0.930738077 98048 
90.55 52.39082988 0.3632176415 40025 
90.65 7.135778171 0.09701291879 10903 
90.75 0.6717155581 0.02957044989 1519 
90.85 0.4141525379 0.0275982106 406 
90.95 0.428338958 0.02819941121 372 
91.05 0.3694780373 0.02609688315 361 
91.15 0.3943318899 0.02628353327 383 
91.25 0.4125796971 0.02769281208 387 
91.35 0.379064728 0.02612738703 357 
91.45 0.4134119558 0.02782137069 388 
91.55 0.403186075 0.02709838441 373 
91.65 0.4446659514 0.02854271974 397 
91.75 0.3459373609 0.02476903467 355 
91.85 0.3504172045 0.02469707857 373 
91.95 0.4067387681 0.02677279642 400 
92.05 0.3665817537 0.02612616469 338 
92.15 0.3961275576 0.02695139349 370 
92.25 0.3468197466 0.02467253772 356 
92.35 0.4136135631 0.0277451409 388 
92.45 0.3634774748 0.02613752681 342 
92.55 0.3873499102 0.02717486817 354 
92.65 0.3911495717 0.02656139027 363 
92.75 0.3703481205 0.02575758245 367 
92.85 0.3870697328 0.02685819782 364 
92.95 0.408502438 0.02737967037 390 
93.05 0.3544983392 0.02485238997 349 
93.15 0.414217305 0.02781585743 382 
93.25 0.405573031 0.0264079279 401 
93.35 0.3459941497 0.02487100561 349 
93.45 0.3917693424 0.02669578541 383 
93.55 0.362214077 0.02511076139 350 
93.65 0.3986436998 0.02658875335 373 
93.75 0.386981874 0.02625306314 366 
93.85 0.4333459643 0.02836053088 417 
93.95 0.370192187 0.02546472993 367 
94.05 0.4063531172 0.02746658827 362 
94.15 0.3708089312 0.02568373071 365 
94.25 0.3934430113 0.02656281445 384 
94.35 0.3904638477 0.02699492795 348 
94.45 0.4058407174 0.02789078654 374 
94.55 0.4112222479 0.0273674562 390 
94.65 0.3650149588 0.02553867265 360 
94.75 0.4016285742 0.0272750519 367 
94.85 0.3969836668 0.02758825011 373 
94.95 0.426241718 0.02761876512 381 
95.05 0.3637679479 0.02512427897 361 
95.15 0.3753185076 0.02562789115 359 
95.25 0.429068911 0.02766640988 403 
95.35 0.4025977634 0.02707603117 372 
95.45 0.3972294952 0.02636869025 381 
95.55 0.380969568 0.02629099702 365 
95.65 0.420427077 0.02780757303 364 
95.75 0.3992250101 0.02747955683 366 
95.85 0.4588809936 0.02992137708 411 
95.95 0.3748985631 0.0260979616 355 
96.05 0.3783278166 0.0263804763 375 
96.15 0.4186467025 0.02805184833 371 
96.25 0.4075633068 0.02657333982 394 
96.35 0.4162946638 0.02797739344 404 
96.45 0.3596108846 0.02566539027 343 
96.55 0.3766522513 0.0257497171 367 
96.65 0.3583963479 0.02573598894 343 
96.75 0.4128447304 0.02761893462 376 
96.85 0.4022828113 0.02706043878 382 
96.95 0.4095478218 0.02778246577 378 
97.05 0.3976602718 0.02684964942 381 
97.15 0.4091308406 0.02673577143 399 
97.25 0.3704516587 0.02565725095 376 
97.35 0.4321192591 0.02885795867 384 
97.45 0.3774253352 0.02566711129 345 
97.55 0.3375450779 0.02440963971 346 
97.65 0.4064504601 0.02831064113 370 
97.75 0.397766467 0.02674172565 398 
97.85 0.3835616915 0.02575486461 380 
97.95 0.3772463582 0.02588681073 364 
98.05 0.3712446047 0.02573672001 365 
98.15 0.4510261445 0.02894434806 408 
98.25 0.3959806314 0.02664650512 358 
98.35 0.4256621139 0.02756565591 410 
98.45 0.3682260366 0.0263859006 348 
98.55 0.4121142361 0.02763336059 369 
98.65 0.4003840933 0.02675362123 383 
98.75 0.4115046159 0.02752898552 375 
98.85 0.3947430287 0.02720211919 378 
98.95 0.3852299547 0.02713652635 343 
99.05 0.3861121753 0.02615572651 383 
99.15 0.3977242021 0.02734964815 360 
99.25 0.40212918 0.0270481075 363 
99.35 0.3879983648 0.027261277 351 
99.45 0.3593203766 0.0252348679 338 
99.55 0.4215751241 0.02761765252 391 
99.65 0.3766754483 0.02527041269 381 
99.75 0.3998304753 0.02751390571 365 
99.85 0.3807908566 0.02624767257 356 
99.95 0.3861288711 0.0259293931 374 
